[thumb_ctrl.png]
filters=autocolor=1;radblur=1,0.521739,0.500000,0.000000,0.000000;sepia=1;
moddate=0000de394dce0000
width=92
height=92
textactive=0
